0.34729
-0.53498
0.09537
0.50273
-1.33689
-0.91104
1.15762
1.07571
-0.13517
0.02430
-0.49057
-0.13946
0.53439
-0.49275
0.10348
0.32270
3.10682
-0.21232
-0.16327
0.06402
-0.51776
-0.86164
0.07105
-1.21173
0.47536
0.52467
0.45081
-0.23763
0.62426
0.39744
0.68209
0.28709
-0.67963
1.27857
-0.01274
0.50417
0.98358
0.52497
-0.85372
0.33910
0.57007
0.64221
1.08700
0.18016
0.26681
-0.67821
-3.04663
0.53932
-2.64413
0.53012
-0.30544
0.89109
1.30663
-2.83648
-1.91749
-0.89206
-0.07362
-0.34185
-0.79778
-0.51367
-0.35714
2.35416
0.27598
-0.87372
-2.70835
-1.51085
-0.64103
0.96481
-1.43412
0.61448
1.19574
0.59846
-2.08360
-0.29547
-1.42463
-0.42002
-2.60609
-1.11545
0.84976
-0.21348
0.83665
0.23303
-0.44685
-0.96673
1.03087
-1.59624
-2.81150
-0.61429
0.46920
0.60800
-2.17368
0.99730
-2.54803
0.18552
0.60819
-1.15536
1.91996
1.02977
-0.29780
0.54700
0.23817
0.02723
1.32418
-0.00425
0.58141
0.40131
-0.43093
-0.92383
-0.90710
0.23067
-1.67401
-0.51453
-0.02310
-0.52474
1.14981
-0.37850
0.33978
0.06119
0.20607
0.21625
0.83780
-1.92259
0.30767
-0.09578
2.57268
1.48912
-0.83047
-2.43933
-0.14810
0.54370
-0.15740
1.04190
-0.00449
0.33842
-3.09960
0.22905
-1.07612
-2.37240
0.31188
-2.39318
0.15960
0.48866
0.09938
0.11267
1.23676
-0.06799
1.73900
0.84571
0.18745
0.05000
-0.82604
0.59712
-0.34620
-0.50527
1.56910
-1.04800
-0.77875
0.23424
-0.27636
-0.79625
1.35584
-0.16350
0.41584
1.02528
-0.44307
-1.30847
0.08286
0.24019
0.12787
-1.52954
0.39550
-0.51219
0.16434
0.48425
-2.42400
2.05592
1.00660
-1.41047
-1.57458
0.72822
-1.19057
1.25676
1.23514
-0.75996
1.47309
-1.21539
1.43956
1.15525
-0.42818
-0.03589
-0.33043
0.66388
1.09057
-0.32638
0.15433
0.85681
0.09942
-1.56485
-0.76590
-0.82614
1.13603
-0.04099
-0.16003
-3.04998
2.05198
1.71916
0.83583
-1.88272
0.59914
-1.26090
0.05819
-4.24229
-0.69932
-0.88845
0.98899
0.33922
-0.50781
0.42920
-0.21182
-0.04653
-1.60913
-0.94720
-0.04306
0.67294
0.20304
-0.31068
-0.25624
1.18993
0.97691
1.00700
-0.65846
1.44561
1.64817
0.28867
0.34933
0.77223
0.21070
-1.21516
0.95281
-2.43194
0.06747
1.54907
2.22327
-1.57660
-1.48551
0.14983
-0.57002
0.85574
0.53165
-1.18786
0.46077
2.08035
0.61536
-0.23637
-0.28400
-0.60679
-2.45998
-1.50207
0.95849
0.24782
-0.22041
-0.53559
-0.97201
-0.06913
1.43373
-1.10787
1.75364
2.26452
-1.05449
-0.26659
-0.34694
0.04142
-0.80819
-0.23219
-0.49291
1.27327
0.06658
0.77205
-0.16943
1.55004
0.86571
-1.60324
0.63008
-0.41796
0.60446
1.90321
-1.18941
1.89681
2.54148
-1.74209
-0.93521
-0.30484
0.09783
-0.16924
0.41321
0.54443
-1.28540
-0.68366
0.28278
-0.05272
0.65356
-1.20417
-0.67600
-0.47883
1.25061
-1.51724
0.12428
1.37534
-0.70830
0.32531
0.03251
0.50072
1.02093
-2.78208
-0.61174
-1.47937
0.45547
1.06987
0.69969
0.75355
-0.00187
-1.96904
-0.48367
0.75252
-0.50894
0.38613
0.12993
1.59111
-0.00210
-0.88258
-2.30649
-0.83105
-0.50574
3.94536
-1.01906
-0.46375
-0.20579
0.50676
2.09818
-0.61263
-0.25526
0.90534
1.60583
0.20223
-0.16836
-0.01873
-2.04151
0.83366
-0.33234
-0.24327
-1.33787
-2.27624
0.51640
1.06080
1.35866
-1.40617
3.02851
0.50102
-1.51898
0.56393
0.46272
1.76348
-1.22419
0.77316
1.12044
-0.58796
-2.51388
-0.89753
-1.61564
0.10511
1.64707
-0.28655
-1.02189
-0.63287
-0.19329
2.35109
-0.80670
1.11111
-2.88169
-0.09917
-1.35618
-0.21283
1.49044
0.71705
1.64110
-0.62717
-0.22908
1.51094
0.57146
0.09341
-1.98038
0.45971
0.09980
2.05174
0.96113
1.57957
0.72957
-0.21268
-1.04612
-0.84682
0.00624
1.23904
-0.86924
1.61434
1.80561
-2.18738
-1.19871
1.02967
-1.00242
1.54483
-0.37599
0.35398
-0.48795
0.16684
0.25608
-1.91643
0.00994
0.68073
-0.64954
1.88565
0.35972
1.33829
-0.69677
-0.64440
-0.50523
-0.12112
-0.10808
-0.37168
1.91292
-1.48278
-1.59983
-0.24863
0.95792
-2.81447
0.60815
-1.64524
0.13120
-1.56320
-1.10001
0.06920
0.13852
1.08385
1.35017
0.92836
-1.17204
1.40145
-3.05698
-2.34614
-1.70467
2.82449
0.75777
-0.38297
-1.06460
-0.24252
1.00889
0.59322
1.08255
0.86065
0.28070
-0.16909
-0.77857
1.00897
-1.30728
-0.79741
0.65876
-0.78835
0.32146
-1.39380
1.89834
1.59167
1.06289
-3.26728
1.24276
-3.18754
2.19073
1.54711
-2.00652
1.42295
2.11363
-0.05731
-1.16566
0.79312
-0.22034
2.40863
0.81817
-0.27171
-0.26283
-0.07515
-0.06719
-0.51639
0.79076
0.64866
-0.96873
-0.02358
-0.85401
1.23757
-0.13150
-0.77881
0.60142
-0.77819
0.46385
0.03634
-1.21838
0.07767
-1.02117
-0.99485
-0.42443
0.54251
-0.01857
0.74807
-0.53902
1.04785
-0.37699
1.00096
0.25268
-0.42952
0.53749
1.61653
-0.12769
-1.35954
-2.53813
-0.56636
0.08847
-0.60061
-0.09852
1.06060
-2.03621
-2.90140
-0.09746
0.18766
1.81997
0.42642
0.86334
0.24126
-1.37653
-1.26518
-0.46100
-0.02882
-0.30618
-0.55295
-0.33629
-1.54155
-0.66472
-0.10313
0.78436
1.86930
-1.56194
0.67890
-0.12363
-1.15511
1.16396
-0.56580
-0.07437
-1.09996
0.13310
0.34996
-1.00990
0.13510
1.15601
1.07945
-1.18788
1.57838
-0.16891
-1.87895
-0.01214
-0.48877
1.30208
-0.17785
-1.03863
0.09729
0.39376
-0.29632
0.89550
-2.03559
1.11705
-1.73562
0.39393
-2.00152
1.31057
-0.14965
-0.96094
0.48546
1.70962
0.62984
0.31949
1.67185
0.16149
0.88354
-0.21003
-0.76301
-0.99677
1.43169
-0.19786
0.38745
2.06428
0.59346
-0.38721
0.99955
-0.31550
-0.19880
1.33723
-0.92703
-1.31511
0.39115
1.97100
-0.17726
3.33637
1.16143
0.96646
2.43716
-1.12859
0.36918
-0.02236
-1.78651
-0.84227
1.88415
-2.67354
1.09705
0.21189
0.93809
-0.50707
-0.18593
2.53866
-0.05697
0.08560
1.83919
-0.13883
0.43838
1.28188
0.99250
0.49441
0.36398
-0.21138
1.93707
0.41755
0.57946
1.50362
-1.04652
-0.39802
0.32507
0.92843
2.95468
2.26473
0.90122
-0.40662
-0.95307
-0.05147
-0.57937
0.60980
0.72928
-1.50745
0.81972
0.77721
-0.50061
0.83795
-0.81083
-0.44828
0.11126
0.58346
-0.16498
-0.43453
-1.67068
-0.03056
0.14295
-2.10825
0.20196
0.30787
-1.01804
-0.76728
-1.54014
-0.26245
-0.21850
-1.98092
-0.57989
-0.70114
-0.53465
1.28814
1.30067
0.13105
-0.21798
-0.34031
0.57607
0.90921
0.76621
1.20653
2.41970
-0.32246
0.58324
1.16625
0.44401
-0.76560
0.74599
-0.79589
1.15635
1.05257
-0.85539
-0.52433
1.15493
-0.64734
0.51019
-0.76081
-0.55533
1.00057
0.62504
1.67754
-0.45617
-0.00340
-2.55028
-1.95631
1.66161
1.61319
-0.68847
0.85514
0.88500
0.09879
2.03495
0.97237
0.88619
1.11560
0.54820
-0.24189
-0.48517
1.48290
0.45953
0.30480
0.52472
1.26165
0.99576
-1.77660
1.13798
1.13256
-0.03277
1.03084
0.81450
0.84886
-0.91487
0.11663
-1.68609
-0.58509
-0.94927
-0.50040
-1.12098
0.03688
-0.03897
0.54888
0.53644
0.97171
-0.86475
0.53448
-1.19461
-0.85947
-0.43973
0.75818
-2.96802
1.31373
0.49939
0.76481
-0.79016
0.42536
0.51014
0.79878
0.60723
-1.39660
-0.25244
-0.00828
0.05430
3.04885
-0.69260
0.35263
1.02053
-0.25170
2.31276
-1.62965
-0.66390
1.67782
-0.04353
-0.50768
1.69708
-0.89801
-0.52332
-2.16116
1.03646
0.57516
1.69232
-0.59365
-0.38543
-0.81457
-0.55796
-0.72798
0.56613
0.87803
-0.61770
-0.87235
-0.94349
-0.38863
0.76253
-0.86436
0.20284
-0.49778
1.28087
-1.32539
-1.27632
0.29580
1.14786
-0.01801
-1.74617
0.48749
-1.62374
1.59522
0.75132
-0.77970
-0.52916
-1.19114
1.21617
-0.93351
0.77826
-1.27541
-0.44946
-0.49551
1.04515
-2.26846
-0.28165
0.38567
0.71303
1.01627
1.20643
-1.10640
-0.40340
0.05163
0.65923
1.77597
-2.18976
0.47437
-1.52994
-1.80743
-0.57346
0.96560
-0.61677
0.34698
0.32684
0.67569
-2.44092
-0.02779
1.03088
-0.06962
-0.68547
0.40174
0.66517
0.40540
-0.26495
-0.76788
0.82162
-1.29170
-1.88758
0.10848
-1.01387
-0.92110
-0.48860
-0.36527
-0.00963
0.69103
0.04711
-0.21491
0.69100
-0.15247
1.00859
1.92938
-0.10021
0.75939
-0.77767
1.52094
-0.43517
0.77143
-1.10906
-0.37422
-0.18208
0.06031
0.90274
-0.14226
-2.07673
-2.26165
1.82662
-0.57515
-0.85964
-2.07756
-0.54618
-0.72091
0.11220
0.29412
-1.21958
-1.54991
-1.14510
2.10806
0.45941
0.52886
0.83738
-1.38837
2.43484
-0.40261
-1.32716
0.41136
0.03539
-1.65078
2.40647
0.65941
-0.35048
0.64985
-0.66635
-1.76069
1.68025
1.59088
-1.28372
0.50673
1.59431
-0.23309
-1.40332
0.86092
-0.26650
-0.69639
1.38413
-0.65540
1.74845
-1.02313
-0.69454
-0.88045
-0.61896
1.34601
0.34059
-1.52647
-0.49692
1.27462
-0.98373
1.55831
-1.47397
0.22318
-1.58563
2.12236
0.60064
0.66903
0.03887
-0.41035
0.39774
-0.53983
0.19990
-0.07409
-0.60354
0.52903
0.70778
-0.58492
-1.97211
0.04796
1.44395
-0.84135
1.69325
-0.63620
-0.46836
-0.83788
0.14043
1.02317
2.22607
-1.87394
2.06324
0.23642
-0.44466
0.78682
-0.01948
-1.26863
-1.59353
0.78407
-1.18734
0.15190
-0.91352
-0.40008
-0.13649
0.14151
0.74204
0.86674
0.22267
0.33284
0.04252
-0.52515
0.67159
0.15436
0.86368
-0.25815
1.31214
-2.23247
-2.25138
0.82530
0.88850
2.48044
-1.51027
-2.15298
0.19914
0.29218
-0.25822
1.08449
-0.60483
0.91469
0.33439
-1.01582
2.13829
-0.58278
2.79797
-0.26388
0.31953
0.21423
-1.37803
-1.27754
-0.49107
-2.84911
1.16363
1.35479
1.07466
-0.69677
-0.38588
1.03758
-1.37223
0.87981
0.15582
0.52306
-0.39056
-0.56941
0.77892
-0.17349
0.69505
0.22678
0.05944
-0.66209
0.64757
-1.20021
1.92657
-0.21630
0.71570
0.42528
0.02496
-1.22521
-1.20358
0.97155
-0.18627
0.51248
-0.98433
-0.10515
-1.07148
0.96313
0.40270
1.65921
-0.60121
0.07927
-0.88888
-0.19554
2.05198
-1.19724
1.28034
-0.37524
2.56076
0.54899
-0.06306
1.10659
1.07680
-0.27278
0.68006
0.55088
-0.71974
0.09046
0.28254
-1.22026
-0.22693
-0.74036
-0.29805
0.98290
0.20918
0.99203
2.74696
0.30678
1.76589
-1.53179
-1.33872
0.37656
-0.00271
-0.40636
-0.86976
0.07261
-0.18036
0.05868
1.80073
0.82711
-0.62597
-0.85013
0.17323
-1.14358
0.60606
-1.12604
-0.61299
0.28593
2.12820
-2.03733
1.04044
-0.77601
0.70018
0.61338
-1.55167
-0.05855
1.14568
0.22738
0.75667
-0.10042
-0.05318
-0.83070
1.43150
-0.47187
1.37072
-2.02004
1.62452
1.08067
1.83800
-1.75775
-0.99884
-0.08833
1.82754
0.35778
-1.54499
-1.15949
0.00356
-0.07122
0.04937
-0.46895
-2.31556
-0.09239
-0.28481
-0.41279
1.77662
-1.10130
-0.34642
1.36934
1.25804
-0.18744
-0.15188
-1.03440
-0.79855
-1.01620
-1.01579
0.29894
-0.03560
2.17910
0.33359
0.24285
1.46776
-0.15073
1.62419
-1.31876
0.19587
0.69112
0.59378
0.32034
1.21022
0.02369
0.54585
1.01826
0.45365
2.01923
0.08195
-0.80065
1.91189
-0.10695
1.34630
0.77010
-0.07761
-0.33312
0.36764
0.54720
-0.15064
0.97387
1.77763
0.78380
-0.69136
0.72442
-0.13624
1.69787
0.25608
1.04691
0.25376
1.18223
-0.38876
-0.67871
-0.05068
1.27615
0.89946
1.79561
1.21815
1.68700
0.92513
-0.84367
-0.80024
-0.22268
-0.12170
0.37683
1.06062
0.66721
1.93761
-1.23998
-0.01572
1.48541
0.71798
1.09589
0.50246
0.59890
0.11364
-0.59417
0.45483
0.48777
0.20624
0.10804
2.47209
0.72770
-0.57480
-1.45911
-1.29797
-1.25184
-1.51608
-0.11815
-0.56199
0.18093
1.21556
0.94776
1.53611
-3.17694
0.45525
1.09658
-2.44550
1.21934
1.21427
-0.36826
0.58838
0.89641
0.29212
-0.64426
0.97548
2.41180
-0.20951
-0.11254
-1.97546
-2.89293
0.43697
-2.61538
-0.70140
1.19664
-0.42307
-0.93248
1.03818
1.09483
1.13612
-1.62505
0.36756
-1.28231
2.36588
-1.90984
-0.25463
-1.03656
-0.12955
1.87807
0.23689
-1.18362
0.94106
-0.05111
-0.39305
1.29187
-3.21949
-0.91524
0.47491
0.59289
0.67811
0.29802
-0.54462
0.70963
0.48551
-0.57067
0.56387
-1.76844
0.41675
-0.38046
-0.71409
0.16085
-0.24973
-0.39531
0.37735
0.33425
-1.67455
0.20782
0.40318
-1.79442
0.28188
0.90435
0.62623
0.14563
-0.19382
0.07190
-0.71057
-0.19064
0.42901
2.24517
1.59048
-0.21830
0.33098
0.75148
0.69345
-1.32368
0.00665
-0.03929
-0.38986
0.77715
-0.69585
0.55138
0.58825
1.51978
0.18179
-2.55903
2.14067
-1.07014
0.28730
0.69986
-2.15534
-1.28304
0.09453
0.57386
-0.13789
-1.82337
-0.61233
-0.13513
-1.49205
0.12331
0.44638
1.09281
-0.47790
-0.09679
0.03433
0.48461
-1.39433
-0.95840
0.45183
0.26634
0.71775
1.83042
-0.87056
1.45398
-1.17632
-0.37294
0.59500
-0.47375
0.71493
-0.33297
-2.42749
0.78481
0.36756
0.22872
0.76010
-0.12759
-0.80801
0.75334
0.14181
-1.49414
1.51002
1.05406
0.05242
-0.64596
-2.07470
1.15405
0.04071
-0.71110
-0.49996
0.39050
-1.01822
0.06605
0.78885
-0.12288
-0.98074
0.67802
0.24510
0.43779
-0.13219
-1.02944
0.36883
0.79731
1.86736
0.81114
-1.92159
0.80987
1.14861
0.18224
0.52209
-1.09640
-1.88890
0.57458
1.10893
2.02696
-0.25128
0.84622
0.16640
1.53476
0.49994
-0.79137
-1.69002
-0.03724
0.03863
0.18357
-0.77597
-1.34167
-1.10029
1.26906
-2.13834
0.94007
1.58340
-0.11134
1.23155
1.94817
-1.00381
-0.45846
0.96663
-0.21976
-1.97737
-0.23895
0.03234
0.59044
0.32813
0.09983
1.11274
0.36091
0.80379
-1.24296
-2.25734
1.13562
-0.25018
-0.87310
-0.65820
-0.63717
0.45291
0.56827
-1.15025
0.75889
-3.13228
1.37519
1.30438
0.96119
0.59195
0.21934
1.38116
-1.95695
1.21022
0.76365
-0.34271
1.01689
-0.14458
-0.71082
-1.00165
-0.33480
0.47217
-0.71440
0.01244
0.47863
1.36311
0.61325
-0.03195
1.85585
-2.68476
-1.66137
2.66751
-0.38813
-0.93228
0.22501
-0.30918
-2.55094
-0.31922
0.75419
1.10971
-0.51211
0.44766
0.28901
0.50136
-0.44940
-0.70916
-0.50379
-0.44994
0.33148
0.79976
-0.38099
0.47170
-1.37837
0.51474
0.50890
-1.59267
0.59691
0.73772
1.12065
-0.80944
0.30419
0.65710
0.39567
-1.17639
-1.39509
-0.13919
1.09999
1.91686
0.53746
0.80067
-1.09633
-0.84321
0.80445
0.59125
0.52791
-0.67940
0.39404
1.25031
-0.78061
-1.57361
0.87087
-1.94352
0.14473
-0.20441
0.47045
-0.56146
0.94753
0.29728
-2.37767
-0.12390
0.02930
0.67421
1.04631
1.37587
-0.76353
-1.05673
-0.08998
-0.36395
-1.27783
-0.46793
0.25540
-3.18381
-0.61438
-1.10024
0.05564
0.34784
-1.39440
-1.57035
-1.46325
0.27735
0.35957
0.16075
-0.45709
-0.09114
0.00637
0.24843
-0.05445
-0.67638
0.59470
-0.75179
0.33265
-2.17742
-0.15250
0.61941
0.09629
-0.13596
1.20371
-1.33656
1.31418
-0.58664
-0.25067
0.42821
-0.26412
-1.03325
2.14364
-0.11206
-0.97985
-0.66216
-1.83469
-0.21751
-1.58371
-0.66018
0.02711
1.29102
1.81246
0.69785
-0.61236
0.01995
0.19600
0.62992
-1.65454
-1.26039
0.00941
-0.27880
0.71064
-1.69689
1.67834
1.21945
-1.69289
0.38088
0.83338
0.14082
2.54500
0.76132
0.24538
1.55109
0.75888
-1.12335
-0.32659
0.74370
0.86094
0.98124
-0.79019
0.06948
-0.59774
1.81517
-1.33545
-1.62755
0.12623
2.05477
-0.23431
-0.11435
1.41911
0.79202
-0.03506
0.46755
-0.01465
-0.14833
-0.76308
-1.70788
-0.78958
0.41467
-0.21799
1.61240
-1.07864
-1.10345
0.29921
1.82651
0.87126
0.95327
-1.24712
-0.43078
-2.36792
-0.41505
-0.43306
-0.83734
-2.43584
-1.85377
0.52052
-0.45784
-3.11740
-1.12469
1.00561
0.71363
0.21358
-1.43012
0.59824
1.32070
-0.07520
-0.25357
0.69456
-1.44358
1.07831
-0.29280
-1.31966
1.49043
1.05091
0.87748
-0.23674
0.66621
0.73075
0.94522
2.65137
0.11629
-1.43868
-1.83532
-0.14247
1.14484
-1.85660
0.34216
-0.14394
2.06666
1.50269
-1.03822
-1.39893
1.49691
0.70820
1.56084
-0.49142
-1.71313
0.72401
0.51794
0.76019
-0.84719
-0.47149
-0.49975
-2.07011
0.60545
0.76214
-0.82854
0.22212
0.21632
1.06327
-0.45540
-0.95846
0.72570
-0.67470
-1.63170
-1.25641
0.31443
1.86533
1.93678
-0.10642
0.19929
0.48922
2.28138
-0.13286
0.25020
0.74471
-1.15065
-0.57668
-0.75622
-1.38404
2.21755
0.99207
0.04327
-2.73263
0.56789
-0.07814
1.85531
1.80899
-0.64854
-0.07165
-0.78485
-0.96563
-0.41943
1.86860
0.56776
-1.12393
0.39882
-0.91840
-1.55355
-1.85156
1.45229
-0.41656
1.01503
0.84652
1.94338
0.12187
0.14290
0.16099
-1.53611
1.19209
-0.11905
0.06581
-0.85291
0.97783
-0.24525
0.66577
-1.66059
-0.36920
0.90801
0.77380
0.18051
0.74302
-1.78929
0.01253
0.41374
0.24737
-0.86091
1.14740
-1.98990
1.27942
-1.56595
-1.15948
-1.33338
-0.33155
-0.35101
0.54188
-0.76094
-1.95308
0.14597
-0.12145
1.88098
1.33030
0.84146
0.04172
2.30552
1.83775
1.06445
0.52930
-1.46193
-2.63742
-0.80056
-2.02957
0.09038
0.24949
-0.40488
0.29014
0.08682
1.15177
-0.29983
1.22210
-0.46708
-0.04892
1.12563
0.14053
0.29819
0.48190
0.01968
0.24761
-0.03465
0.93359
-1.12236
-0.33663
1.06212
0.56373
2.13775
0.28307
-2.34399
-0.91301
1.52395
0.64419
-0.10911
0.60044
-0.41670
1.19998
-0.35995
-1.35831
-0.37634
-1.65488
-1.89053
0.91754
-0.34343
0.30523
-0.46441
1.28519
0.08179
-0.12847
-0.04458
1.12308
1.13826
-1.58637
-1.15855
0.47312
0.23034
1.34038
0.48841
0.77030
-0.01137
-0.26954
-1.84993
-0.59970
-0.25368
0.27829
-2.83884
0.29852
-1.06652
2.03006
1.03927
0.94234
1.49877
0.39232
0.18482
0.18069
0.70156
1.43725
0.09223
-0.71993
-0.83964
0.33635
-1.21277
-1.13295
-0.72439
-0.68281
0.77984
-0.64774
0.53778
-1.15972
-0.46693
1.87621
0.59342
0.19475
-1.76960
0.13617
-0.23956
-0.89484
2.76421
2.59688
-2.94655
0.22904
0.27039
0.51885
-0.17993
-0.46846
-0.75664
-0.87359
1.13155
2.92199
-0.71842
1.64959
-1.66986
-1.61769
1.17387
-1.28438
0.16434
1.14899
1.00118
-0.98265
0.70455
-1.90919
-0.78531
0.28289
1.07204
1.61097
2.62581
1.47988
1.60677
0.63190
-0.15558
-1.25202
0.65575
-1.73944
0.39729
-1.26713
-0.00555
-0.42995
-0.27623
0.43538
-0.04725
1.88507
-1.20757
-0.02031
1.43041
-0.46065
-1.71248
0.28367
0.71122
-1.48712
-0.22704
-0.40581
1.17940
-0.70592
-1.27479
1.09412
-1.41360
-0.36813
-1.11569
2.84012
0.48737
-0.87273
0.17287
-1.19516
-0.33582
1.55414
-0.24223
0.38819
-1.26089
1.18631
-1.73640
0.72513
0.25298
-0.67051
0.90379
-2.39757
-0.85104
0.16620
1.73900
-1.55790
0.34329
-0.71016
0.68392
-2.68427
-0.62731
0.34813
0.32251
-0.65450
0.34779
0.38873
-0.43708
0.00169
2.67578
1.28784
0.53311
-1.13918
-0.49585
1.98811
-0.46702
-0.88137
0.44124
-1.42383
-1.30948
-0.39142
0.33422
-0.45905
-0.74303
1.01853
0.81172
0.16786
1.25143
-1.15953
-0.76777
-1.09422
0.05129
1.38294
1.62632
