0.53822 0.11608
0.81918 0.62121
0.91025 0.58074
0.9435 0.51819
0.24742 0.37304
0.53285 0.086854
0.23483 0.88092
0.64307 0.17229
0.84964 0.060894
0.48313 0.33564
0.68099 0.33326
0.055237 0.84219
0.10321 0.21512
0.33378 0.28475
0.071946 0.76511
0.49324 0.93214
0.90484 0.17847
0.30381 0.28008
0.91641 0.72971
0.52366 0.068136
0.029578 0.2028
0.83105 0.073566
0.24831 0.68135
0.36281 0.92046
0.23449 0.4029
0.99715 0.70338
0.57133 0.072708
0.58813 0.37796
0.066454 0.22427
0.26709 0.89869
0.6364 0.12574
0.94719 0.67545
0.41112 0.52903
0.20758 0.97698
0.016416 0.44301
0.91996 0.25574
0.074802 0.68868
0.53368 0.52516
0.96367 0.50096
0.68059 0.83175
0.52473 0.90851
0.80615 0.48324
0.29741 0.54509
0.69303 0.69757
0.65763 0.57725
0.79826 0.27164
0.44341 0.7474
0.75069 0.115
0.48393 0.93791
0.32514 0.38899
0.58078 0.48247
0.071063 0.60308
0.34577 0.86021
0.88767 0.27446
0.90955 0.50779
0.85247 0.97399
0.97068 0.92481
0.78058 0.0037498
0.54043 0.19773
0.87003 0.92199
0.56727 0.28025
0.36504 0.60326
0.46312 0.48657
0.46175 0.082119
0.33791 0.21461
0.34192 0.35373
0.9142 0.829
0.36576 0.59163
0.8732 0.6099
0.56498 0.83134
0.10836 0.70269
0.86744 0.70267
0.38689 0.60165
0.34888 0.50751
0.16717 0.72118
0.04996 0.43649
0.14627 0.38976
0.25219 0.29205
0.80777 0.024701
0.44198 0.14196
0.54568 0.1295
0.21777 0.66954
0.64936 0.86074
0.259 0.28433
0.79864 0.81667
0.26505 0.25152
0.29872 0.4924
0.63343 0.018565
0.94566 0.41579
0.76152 0.65562
0.27545 0.72876
0.05719 0.1927
0.60261 0.018386
0.33366 0.83058
0.20631 0.45545
0.95783 0.45303
0.54973 0.98863
0.51384 0.61137
0.86969 0.89705
0.64281 0.77499
